radius in um, AP_vert, HTPB_vert, Interface_vert
500, 36.86351776123047, 57.1141242980957, 6.022357940673828
502, 36.939334869384766, 57.27348327636719, 5.787181854248047
505, 36.933231353759766, 57.23409652709961, 5.832672119140625
507, 37.1302604675293, 57.41996765136719, 5.449771881103516
510, 37.0265007019043, 57.28607177734375, 5.687427520751953
512, 37.09402084350586, 57.405757904052734, 5.500221252441406
515, 36.86227798461914, 57.134437561035156, 6.003284454345703
517, 37.11137771606445, 57.35454559326172, 5.534076690673828
520, 37.04948425292969, 57.28921890258789, 5.661296844482422
522, 37.09440231323242, 57.38391876220703, 5.521678924560547
525, 36.99960708618164, 57.15436935424805, 5.8460235595703125
527, 37.16535568237305, 57.266807556152344, 5.567836761474609
530, 37.02678680419922, 57.3491096496582, 5.624103546142578
532, 37.11080551147461, 57.410335540771484, 5.478858947753906
535, 37.131595611572266, 57.42349624633789, 5.444908142089844
537, 37.16106414794922, 57.43980407714844, 5.399131774902344
540, 37.200164794921875, 57.48329162597656, 5.3165435791015625
542, 37.11223602294922, 57.440185546875, 5.447578430175781
545, 37.2004508972168, 57.52286911010742, 5.276679992675781
547, 37.18557357788086, 57.38325119018555, 5.431175231933594
550, 37.062740325927734, 57.28721618652344, 5.650043487548828
552, 37.18461990356445, 57.51008987426758, 5.305290222167969
555, 37.27836608886719, 57.57007598876953, 5.151557922363281
557, 37.26177215576172, 57.53173828125, 5.206489562988281
560, 37.24021911621094, 57.53583908081055, 5.223941802978516
562, 37.30459213256836, 57.60974884033203, 5.085659027099609
565, 37.27588653564453, 57.524776458740234, 5.199337005615234
567, 37.21141815185547, 57.47480392456055, 5.313777923583984
570, 37.13836669921875, 57.3979377746582, 5.463695526123047
572, 37.352943420410156, 57.60030746459961, 5.046749114990234
575, 37.26682662963867, 57.499122619628906, 5.234050750732422
577, 37.14256286621094, 57.39879608154297, 5.458641052246094
580, 37.366485595703125, 57.578182220458984, 5.055332183837891
582, 37.40091323852539, 57.721519470214844, 4.877567291259766
585, 37.380409240722656, 57.677555084228516, 4.942035675048828
587, 37.281036376953125, 57.60822296142578, 5.110740661621094
590, 37.44916915893555, 57.75651931762695, 4.7943115234375
592, 37.48912811279297, 57.55414962768555, 4.956722259521484
595, 37.66298294067383, 57.714080810546875, 4.622936248779297
597, 37.49113082885742, 57.68232345581055, 4.826545715332031
600, 37.3138427734375, 57.59258270263672, 5.093574523925781
603, 37.487220764160156, 57.71799087524414, 4.794788360595703
605, 37.52107620239258, 57.8120231628418, 4.666900634765625
608, 37.430572509765625, 57.740211486816406, 4.829216003417969
610, 37.38718032836914, 57.60679244995117, 5.0060272216796875
613, 37.4354362487793, 57.73601531982422, 4.828548431396484
615, 37.526607513427734, 57.85369873046875, 4.619693756103516
618, 37.369537353515625, 57.70244598388672, 4.928016662597656
620, 37.4873161315918, 57.790279388427734, 4.722404479980469
623, 37.447357177734375, 57.73420333862305, 4.818439483642578
625, 37.507057189941406, 57.660579681396484, 4.832363128662109
628, 37.57772445678711, 57.77568817138672, 4.646587371826172
630, 37.56093978881836, 57.861995697021484, 4.577064514160156
633, 37.572383880615234, 57.733917236328125, 4.693698883056641
635, 37.71381378173828, 57.92436599731445, 4.361820220947266
638, 37.5666618347168, 57.82661437988281, 4.606723785400391
640, 37.47444152832031, 57.79743194580078, 4.728126525878906
643, 37.581634521484375, 57.947349548339844, 4.471015930175781
645, 37.66889572143555, 57.860755920410156, 4.470348358154297
648, 37.54386901855469, 57.811927795410156, 4.644203186035156
650, 37.54091262817383, 57.82270431518555, 4.636383056640625
653, 37.69092559814453, 57.79733657836914, 4.511737823486328
655, 37.71648406982422, 57.945823669433594, 4.3376922607421875
658, 37.67986297607422, 57.92646408081055, 4.393672943115234
660, 37.61091232299805, 57.84006118774414, 4.5490264892578125
663, 37.582969665527344, 57.90815353393555, 4.508876800537109
665, 37.673187255859375, 57.92522430419922, 4.401588439941406
668, 37.735557556152344, 57.9340934753418, 4.330348968505859
670, 37.743282318115234, 57.92522430419922, 4.331493377685547
673, 37.59918212890625, 57.882022857666016, 4.518795013427734
675, 37.664794921875, 57.90910720825195, 4.426097869873047
678, 37.74118423461914, 58.04548263549805, 4.2133331298828125
680, 37.690067291259766, 57.8089714050293, 4.5009613037109375
683, 37.67251968383789, 57.91444778442383, 4.413032531738281
685, 37.718963623046875, 58.04901123046875, 4.232025146484375
688, 37.73841857910156, 57.979774475097656, 4.281806945800781
690, 37.790775299072266, 58.03403854370117, 4.1751861572265625
693, 37.654972076416016, 57.877349853515625, 4.467678070068359
695, 37.75501251220703, 58.00619125366211, 4.238796234130859
698, 37.830257415771484, 58.035945892333984, 4.133796691894531
701, 37.7049446105957, 57.997894287109375, 4.297161102294922
703, 37.65363693237305, 57.9493522644043, 4.397010803222656
706, 37.66670227050781, 57.952213287353516, 4.381084442138672
708, 37.75453567504883, 58.07647705078125, 4.168987274169922
711, 37.810707092285156, 58.04176330566406, 4.147529602050781
713, 37.769508361816406, 58.069610595703125, 4.160881042480469
716, 37.86458969116211, 57.9289436340332, 4.2064666748046875
718, 37.77303695678711, 58.065032958984375, 4.161930084228516
721, 37.71038055419922, 57.99379348754883, 4.295825958251953
723, 37.79115676879883, 58.01191329956055, 4.196929931640625
726, 37.79258728027344, 58.01515579223633, 4.192256927490234
728, 37.8687858581543, 58.08286666870117, 4.048347473144531
731, 37.766361236572266, 58.049583435058594, 4.184055328369141
733, 37.83245086669922, 58.099937438964844, 4.0676116943359375
736, 37.862396240234375, 57.94239044189453, 4.195213317871094
738, 37.903404235839844, 58.03413391113281, 4.062461853027344
741, 37.90884017944336, 58.020782470703125, 4.070377349853516
743, 37.93983459472656, 58.103179931640625, 3.9569854736328125
746, 37.86048889160156, 58.07523727416992, 4.064273834228516
748, 37.821292877197266, 58.14828872680664, 4.030418395996094
751, 37.92839050292969, 57.996273040771484, 4.075336456298828
753, 37.82186508178711, 58.0439567565918, 4.134178161621094
756, 37.740325927734375, 57.993316650390625, 4.266357421875
758, 37.947654724121094, 57.96165466308594, 4.090690612792969
761, 37.813568115234375, 58.136844635009766, 4.049587249755859
763, 37.91913986206055, 58.1599235534668, 3.9209365844726562
766, 37.8718376159668, 58.11023712158203, 4.017925262451172
768, 38.007450103759766, 58.222389221191406, 3.770160675048828
771, 37.89358139038086, 58.20198059082031, 3.904438018798828
773, 37.923431396484375, 58.21056365966797, 3.8660049438476562
776, 37.879180908203125, 58.144187927246094, 3.9766311645507812
778, 38.00544738769531, 58.18967819213867, 3.8048744201660156
781, 37.970924377441406, 58.21342468261719, 3.8156509399414062
783, 37.96253204345703, 58.20198059082031, 3.8354873657226562
786, 38.01593780517578, 58.23955535888672, 3.7445068359375
788, 37.95137405395508, 58.29191207885742, 3.7567138671875
791, 38.01002502441406, 58.218955993652344, 3.7710189819335938
793, 38.237762451171875, 58.308982849121094, 3.4532546997070312
796, 38.04187774658203, 58.078575134277344, 3.879547119140625
798, 38.07172775268555, 58.10861587524414, 3.8196563720703125
801, 38.0192756652832, 58.206748962402344, 3.773975372314453
804, 37.95204162597656, 58.24108123779297, 3.8068771362304688
806, 37.938690185546875, 58.17747116088867, 3.883838653564453
809, 38.16814422607422, 58.08448791503906, 3.7473678588867188
811, 38.18941116333008, 58.04243087768555, 3.768157958984375
814, 37.99848556518555, 58.202552795410156, 3.798961639404297
816, 38.00363540649414, 58.184814453125, 3.8115501403808594
819, 38.12761306762695, 58.35847854614258, 3.5139083862304688
821, 38.08794021606445, 58.35704803466797, 3.555011749267578
824, 37.920475006103516, 58.28266143798828, 3.796863555908203
826, 38.04140090942383, 58.38766098022461, 3.5709381103515625
829, 37.98542022705078, 58.273983001708984, 3.7405967712402344
831, 38.068580627441406, 58.299827575683594, 3.631591796875
834, 38.0340576171875, 58.2188606262207, 3.747081756591797
836, 38.112640380859375, 58.4010124206543, 3.486347198486328
839, 38.21420669555664, 58.145809173583984, 3.639984130859375
841, 38.164520263671875, 58.280277252197266, 3.5552024841308594
844, 38.06171417236328, 58.428192138671875, 3.5100936889648438
846, 38.13953399658203, 58.19988250732422, 3.66058349609375
849, 38.09013366699219, 58.23564529418945, 3.6742210388183594
851, 38.16518783569336, 58.26997756958008, 3.5648345947265625
854, 38.0396842956543, 58.3592414855957, 3.60107421875
856, 38.15107345581055, 58.28723907470703, 3.561687469482422
859, 38.08765411376953, 58.347415924072266, 3.564929962158203
861, 38.078880310058594, 58.37554931640625, 3.5455703735351562
864, 38.06419372558594, 58.40301513671875, 3.5327911376953125
866, 38.232994079589844, 58.32386016845703, 3.443145751953125
869, 37.958621978759766, 58.19997787475586, 3.841400146484375
871, 38.09041976928711, 58.36334228515625, 3.5462379455566406
874, 38.13457489013672, 58.33473205566406, 3.5306930541992188
876, 38.07954788208008, 58.292579650878906, 3.6278724670410156
879, 38.08717727661133, 58.35542678833008, 3.5573959350585938
881, 38.054656982421875, 58.347225189208984, 3.5981178283691406
884, 38.138771057128906, 58.431148529052734, 3.4300804138183594
886, 37.99600601196289, 58.423805236816406, 3.580188751220703
889, 38.134193420410156, 58.32414627075195, 3.5416603088378906
891, 38.225460052490234, 58.41379165649414, 3.360748291015625
894, 38.27409744262695, 58.2672119140625, 3.458690643310547
896, 38.123416900634766, 58.23163986206055, 3.6449432373046875
899, 38.19169998168945, 58.41856002807617, 3.389739990234375
902, 38.21535110473633, 58.39262008666992, 3.39202880859375
904, 38.23137283325195, 58.32967758178711, 3.4389495849609375
907, 38.30451965332031, 58.40950012207031, 3.285980224609375
909, 38.25216293334961, 58.41684341430664, 3.33099365234375
912, 38.10148239135742, 58.49781036376953, 3.400707244873047
914, 38.10930252075195, 58.425140380859375, 3.465557098388672
917, 38.18025588989258, 58.29877853393555, 3.520965576171875
919, 38.26589584350586, 58.484554290771484, 3.2495498657226562
922, 38.03844451904297, 58.38632583618164, 3.5752296447753906
924, 38.19084167480469, 58.51888656616211, 3.290271759033203
927, 38.28325271606445, 58.533668518066406, 3.1830787658691406
929, 38.20152282714844, 58.5139274597168, 3.2845497131347656
932, 38.137054443359375, 58.393096923828125, 3.4698486328125
934, 38.15956115722656, 58.45022201538086, 3.390216827392578
937, 38.19437026977539, 58.469581604003906, 3.336048126220703
939, 38.176822662353516, 58.5479736328125, 3.2752037048339844
942, 38.29021453857422, 58.470821380615234, 3.238964080810547
944, 38.12828063964844, 58.374881744384766, 3.496837615966797
947, 38.28926086425781, 58.362388610839844, 3.3483505249023438
949, 38.22822570800781, 58.407020568847656, 3.3647537231445312
952, 38.40160369873047, 58.35838317871094, 3.2400131225585938
954, 38.21125030517578, 58.53776931762695, 3.2509803771972656
957, 38.20810317993164, 58.44736099243164, 3.3445358276367188
959, 38.39683532714844, 58.408355712890625, 3.1948089599609375
962, 38.32235336303711, 58.570289611816406, 3.1073570251464844
964, 38.408851623535156, 58.409690856933594, 3.18145751953125
967, 38.32197189331055, 58.50391387939453, 3.174114227294922
969, 38.25721740722656, 58.557701110839844, 3.1850814819335938
972, 38.32111358642578, 58.34197998046875, 3.3369064331054688
974, 38.243675231933594, 58.30965042114258, 3.446674346923828
977, 38.24186325073242, 58.548545837402344, 3.2095909118652344
979, 38.217926025390625, 58.44888687133789, 3.3331871032714844
982, 38.22498321533203, 58.371925354003906, 3.4030914306640625
984, 38.28439712524414, 58.48054885864258, 3.2350540161132812
987, 38.38491439819336, 58.6207389831543, 2.9943466186523438
989, 38.143062591552734, 58.45947265625, 3.3974647521972656
992, 38.39282989501953, 58.36524963378906, 3.2419204711914062
994, 38.291358947753906, 58.58345031738281, 3.1251907348632812
997, 38.408756256103516, 58.39719772338867, 3.1940460205078125
1000, 38.24472427368164, 58.4691047668457, 3.2861709594726562
