radius in um, AP_vert, HTPB_vert, Interface_vert
500, 52.950477600097656, 43.1239128112793, 3.925609588623047
502, 52.98128128051758, 43.152427673339844, 3.866291046142578
505, 52.94933319091797, 43.12601089477539, 3.9246559143066406
507, 52.927589416503906, 43.111324310302734, 3.9610862731933594
510, 52.997684478759766, 43.1544303894043, 3.8478851318359375
512, 52.94046401977539, 43.11714172363281, 3.942394256591797
515, 53.02248001098633, 43.17502975463867, 3.802490234375
517, 52.99978256225586, 43.16844940185547, 3.831768035888672
520, 53.00865173339844, 43.18990707397461, 3.801441192626953
522, 53.015708923339844, 43.183040618896484, 3.801250457763672
525, 53.08837890625, 43.2373046875, 3.67431640625
527, 53.0604362487793, 43.22347640991211, 3.7160873413085938
530, 53.086185455322266, 43.23453903198242, 3.6792755126953125
532, 53.064632415771484, 43.22004318237305, 3.7153244018554688
535, 53.04889678955078, 43.215370178222656, 3.7357330322265625
537, 53.034210205078125, 43.175601959228516, 3.7901878356933594
540, 53.06205749511719, 43.218135833740234, 3.719806671142578
542, 53.02629470825195, 43.18399429321289, 3.7897109985351562
545, 53.11298370361328, 43.27669143676758, 3.6103248596191406
547, 53.06396484375, 43.22338104248047, 3.7126541137695312
550, 53.08380126953125, 43.22776794433594, 3.6884307861328125
552, 53.124332427978516, 43.25389862060547, 3.6217689514160156
555, 53.14016342163086, 43.26133728027344, 3.598499298095703
557, 53.13825607299805, 43.28012466430664, 3.5816192626953125
560, 53.13425064086914, 43.27249526977539, 3.5932540893554688
562, 53.07483673095703, 43.24932098388672, 3.67584228515625
565, 53.148841857910156, 43.290138244628906, 3.5610198974609375
567, 53.15704345703125, 43.27430725097656, 3.5686492919921875
570, 53.11927795410156, 43.25857162475586, 3.622150421142578
572, 53.174495697021484, 43.31846237182617, 3.5070419311523438
575, 53.11269760131836, 43.25265884399414, 3.6346435546875
577, 53.19061279296875, 43.33524703979492, 3.474140167236328
580, 53.15589904785156, 43.28107833862305, 3.5630226135253906
582, 53.18470001220703, 43.302345275878906, 3.5129547119140625
585, 53.19814682006836, 43.3375358581543, 3.4643173217773438
587, 53.20243835449219, 43.349266052246094, 3.4482955932617188
590, 53.251075744628906, 43.390750885009766, 3.358173370361328
592, 53.24745178222656, 43.349361419677734, 3.403186798095703
595, 53.228187561035156, 43.36977005004883, 3.4020423889160156
597, 53.155517578125, 43.288230895996094, 3.5562515258789062
600, 53.2536506652832, 43.389034271240234, 3.3573150634765625
603, 53.28207015991211, 43.37892532348633, 3.3390045166015625
605, 53.27186584472656, 43.428993225097656, 3.2991409301757812
608, 53.20453643798828, 43.35775375366211, 3.4377098083496094
610, 53.281402587890625, 43.38665008544922, 3.3319473266601562
613, 53.278160095214844, 43.40934753417969, 3.3124923706054688
615, 53.24726104736328, 43.37005615234375, 3.3826828002929688
618, 53.236961364746094, 43.369197845458984, 3.393840789794922
620, 53.26995849609375, 43.410491943359375, 3.319549560546875
623, 53.28502655029297, 43.40219497680664, 3.3127784729003906
625, 53.349971771240234, 43.4514045715332, 3.1986236572265625
628, 53.31277847290039, 43.43395233154297, 3.2532691955566406
630, 53.288841247558594, 43.40648651123047, 3.3046722412109375
633, 53.33213806152344, 43.44949722290039, 3.218364715576172
635, 53.31459045410156, 43.43423843383789, 3.251171112060547
638, 53.287410736083984, 43.4234619140625, 3.2891273498535156
640, 53.30638885498047, 43.4138298034668, 3.2797813415527344
643, 53.33700180053711, 43.4666633605957, 3.1963348388671875
645, 53.3050537109375, 43.450069427490234, 3.2448768615722656
648, 53.331756591796875, 43.45369338989258, 3.214550018310547
650, 53.34196090698242, 43.46017837524414, 3.1978607177734375
653, 53.36284637451172, 43.473052978515625, 3.1641006469726562
655, 53.35826873779297, 43.4687614440918, 3.1729698181152344
658, 53.33967208862305, 43.47496032714844, 3.1853675842285156
660, 53.362464904785156, 43.49641799926758, 3.1411170959472656
663, 53.38459014892578, 43.49555969238281, 3.1198501586914062
665, 53.40290069580078, 43.51186752319336, 3.0852317810058594
668, 53.37400436401367, 43.48268508911133, 3.143310546875
670, 53.38859558105469, 43.51968765258789, 3.091716766357422
673, 53.35712432861328, 43.48459243774414, 3.158283233642578
675, 53.388023376464844, 43.5084342956543, 3.1035423278808594
678, 53.37820053100586, 43.48421096801758, 3.1375885009765625
680, 53.40871810913086, 43.547821044921875, 3.0434608459472656
683, 53.3961296081543, 43.52273941040039, 3.0811309814453125
685, 53.41062545776367, 43.5175895690918, 3.0717849731445312
688, 53.37963104248047, 43.50166320800781, 3.1187057495117188
690, 53.41310501098633, 43.51778030395508, 3.0691146850585938
693, 53.40909957885742, 43.50700378417969, 3.0838966369628906
695, 53.44820022583008, 43.549537658691406, 3.0022621154785156
698, 53.38335037231445, 43.49946975708008, 3.1171798706054688
701, 53.42826843261719, 43.54286193847656, 3.02886962890625
703, 53.453731536865234, 43.5694694519043, 2.9767990112304688
706, 53.402042388916016, 43.50786209106445, 3.0900955200195312
708, 53.426456451416016, 43.5328483581543, 3.0406951904296875
711, 53.40900421142578, 43.50900650024414, 3.081989288330078
713, 53.48320007324219, 43.58539581298828, 2.9314041137695312
716, 53.417205810546875, 43.51778030395508, 3.065013885498047
718, 53.443050384521484, 43.54820251464844, 3.008747100830078
721, 53.44686508178711, 43.54362487792969, 3.009510040283203
723, 53.43484878540039, 43.54057312011719, 3.024578094482422
726, 53.37820053100586, 43.492698669433594, 3.129100799560547
728, 53.447723388671875, 43.55964660644531, 2.9926300048828125
731, 53.476715087890625, 43.60227584838867, 2.921009063720703
733, 53.46221923828125, 43.5511589050293, 2.986621856689453
736, 53.42569351196289, 43.55487823486328, 3.019428253173828
738, 53.45630645751953, 43.57500076293945, 2.9686927795410156
741, 53.44066619873047, 43.544960021972656, 3.014373779296875
743, 53.412723541259766, 43.54877471923828, 3.038501739501953
746, 53.42893600463867, 43.53199005126953, 3.039073944091797
748, 53.496456146240234, 43.57156753540039, 2.931976318359375
751, 53.50780487060547, 43.60847473144531, 2.8837203979492188
753, 53.50360870361328, 43.590354919433594, 2.906036376953125
756, 53.45954895019531, 43.581390380859375, 2.9590606689453125
758, 53.45745086669922, 43.56861114501953, 2.97393798828125
761, 53.52802276611328, 43.59569549560547, 2.87628173828125
763, 53.45029830932617, 43.54372024536133, 3.0059814453125
766, 53.48033905029297, 43.57614517211914, 2.9435157775878906
768, 53.501129150390625, 43.61085891723633, 2.888011932373047
771, 53.44438552856445, 43.56193542480469, 2.9936790466308594
773, 53.49550247192383, 43.593597412109375, 2.910900115966797
776, 53.468990325927734, 43.56842041015625, 2.9625892639160156
778, 53.539180755615234, 43.63985061645508, 2.8209686279296875
781, 53.50503921508789, 43.59769821166992, 2.8972625732421875
783, 53.473758697509766, 43.56212615966797, 2.9641151428222656
786, 53.520774841308594, 43.60485076904297, 2.8743743896484375
788, 53.50236892700195, 43.56250762939453, 2.9351234436035156
791, 53.420162200927734, 43.54114532470703, 3.0386924743652344
793, 53.523826599121094, 43.599605560302734, 2.876567840576172
796, 53.52754592895508, 43.61724853515625, 2.855205535888672
798, 53.48215103149414, 43.581199645996094, 2.9366493225097656
801, 53.54108810424805, 43.61162185668945, 2.8472900390625
804, 53.55396270751953, 43.65577697753906, 2.7902603149414062
806, 53.48691940307617, 43.57709884643555, 2.9359817504882812
809, 53.549861907958984, 43.647003173828125, 2.8031349182128906
811, 53.515625, 43.60799789428711, 2.8763771057128906
814, 53.55110168457031, 43.63813400268555, 2.8107643127441406
816, 53.524112701416016, 43.6039924621582, 2.8718948364257812
819, 53.522300720214844, 43.59636306762695, 2.881336212158203
821, 53.51896286010742, 43.60208511352539, 2.8789520263671875
824, 53.502464294433594, 43.60809326171875, 2.8894424438476562
826, 53.516387939453125, 43.61906051635742, 2.864551544189453
829, 53.53975296020508, 43.62192153930664, 2.8383255004882812
831, 53.48920822143555, 43.60036849975586, 2.9104232788085938
834, 53.5064697265625, 43.62602233886719, 2.8675079345703125
836, 53.51419448852539, 43.61391067504883, 2.8718948364257812
839, 53.52764129638672, 43.63269805908203, 2.83966064453125
841, 53.54814529418945, 43.63393783569336, 2.8179168701171875
844, 53.50780487060547, 43.63431930541992, 2.8578758239746094
846, 53.52058410644531, 43.60208511352539, 2.877330780029297
849, 53.53870391845703, 43.63412857055664, 2.827167510986328
851, 53.552818298339844, 43.64957809448242, 2.7976036071777344
854, 53.54118347167969, 43.63250732421875, 2.8263092041015625
856, 53.53584289550781, 43.63822937011719, 2.825927734375
859, 53.53851318359375, 43.630409240722656, 2.8310775756835938
861, 53.56292724609375, 43.643760681152344, 2.7933120727539062
864, 53.549766540527344, 43.61886978149414, 2.8313636779785156
866, 53.548240661621094, 43.64147186279297, 2.8102874755859375
869, 53.5649299621582, 43.66283416748047, 2.772235870361328
871, 53.52630615234375, 43.627357482910156, 2.8463363647460938
874, 53.53879928588867, 43.63880157470703, 2.822399139404297
876, 53.551483154296875, 43.66159439086914, 2.7869224548339844
879, 53.557586669921875, 43.65854263305664, 2.7838706970214844
881, 53.54604721069336, 43.63727569580078, 2.8166770935058594
884, 53.571414947509766, 43.660640716552734, 2.7679443359375
886, 53.57780456542969, 43.6558723449707, 2.7663230895996094
889, 53.597354888916016, 43.668174743652344, 2.7344703674316406
891, 53.546905517578125, 43.6436653137207, 2.809429168701172
894, 53.54814529418945, 43.63718032836914, 2.8146743774414062
896, 53.5527229309082, 43.64767074584961, 2.7996063232421875
899, 53.54881286621094, 43.66626739501953, 2.7849197387695312
902, 53.566646575927734, 43.654823303222656, 2.7785301208496094
904, 53.58104705810547, 43.657875061035156, 2.761077880859375
907, 53.57074737548828, 43.66254806518555, 2.766704559326172
909, 53.55100631713867, 43.6619758605957, 2.787017822265625
912, 53.58304977416992, 43.65968704223633, 2.75726318359375
914, 53.56302261352539, 43.660736083984375, 2.7762413024902344
917, 53.55062484741211, 43.64032745361328, 2.8090476989746094
919, 53.53260040283203, 43.619441986083984, 2.8479576110839844
922, 53.57952117919922, 43.668365478515625, 2.7521133422851562
924, 53.57217788696289, 43.65663528442383, 2.7711868286132812
927, 53.57341766357422, 43.66302490234375, 2.7635574340820312
929, 53.608131408691406, 43.688011169433594, 2.703857421875
932, 53.58238220214844, 43.665409088134766, 2.752208709716797
934, 53.58400344848633, 43.66912841796875, 2.746868133544922
937, 53.53555679321289, 43.645572662353516, 2.8188705444335938
939, 53.54499816894531, 43.64137649536133, 2.8136253356933594
942, 53.583717346191406, 43.65968704223633, 2.7565956115722656
944, 53.569984436035156, 43.64948272705078, 2.7805328369140625
947, 53.615665435791016, 43.689537048339844, 2.6947975158691406
949, 53.56864929199219, 43.65873336791992, 2.7726173400878906
952, 53.53717803955078, 43.6610221862793, 2.801799774169922
954, 53.58552932739258, 43.66111755371094, 2.7533531188964844
957, 53.57465744018555, 43.66722106933594, 2.7581214904785156
959, 53.568267822265625, 43.64175796508789, 2.7899742126464844
962, 53.56874465942383, 43.65377426147461, 2.7774810791015625
964, 53.57255935668945, 43.673038482666016, 2.7544021606445312
967, 53.58247756958008, 43.67103576660156, 2.7464866638183594
969, 53.56006622314453, 43.66044998168945, 2.7794837951660156
972, 53.57847213745117, 43.6650276184082, 2.756500244140625
974, 53.56464385986328, 43.66617202758789, 2.769184112548828
977, 53.56149673461914, 43.652915954589844, 2.7855873107910156
979, 53.592586517333984, 43.662261962890625, 2.7451515197753906
982, 53.623294830322266, 43.703556060791016, 2.6731491088867188
984, 53.560829162597656, 43.665218353271484, 2.7739524841308594
987, 53.55997085571289, 43.67399215698242, 2.7660369873046875
989, 53.5639762878418, 43.672847747802734, 2.7631759643554688
992, 53.594970703125, 43.66874694824219, 2.7362823486328125
994, 53.553009033203125, 43.62497329711914, 2.8220176696777344
997, 53.5923957824707, 43.6823844909668, 2.7252197265625
1000, 53.584861755371094, 43.66350173950195, 2.751636505126953
